# Helpful resource: https://de.mathworks.com/help/vision/ug/camera-calibration.html

[LEFT_CAM_HD]
# focal length
fx=699.25
fy=699.31
# principal point
cx=671.745
cy=368.2635
# radial distortion
k1=-0.174627
k2=0.0277376
k3=9.87232e-11
# tangential distortion
p1=0.000100253
p2=7.86794e-05
# skew coefficient
s=0

[RIGHT_CAM_HD]
# focal length
fx=699.73
fy=699.865
# principal point
cx=643.675
cy=366.9085
# radial distortion
k1=-0.173558
k2=0.0269429
k3=3.36205e-11
# tangential distortion
p1=-4.90694e-05
p2=-0.000155324
# skew coefficient
s=0
